80
86
5 55
45 4
80 72
7 21
22 44
80 22
21 65
60 43
10 41
4 61
25 50
75 53
16 24
6 1
10 73
32 67
40 38
71 1
25 26
55 75
70 74
30 52
52 7
48 1
47 27
72 24
41 42
58 70
66 60
68 23
36 41
72 39
7 3
12 31
51 1
57 45
68 31
58 26
31 46
4 77
74 65
53 66
42 24
2 54
36 30
46 77
5 30
21 12
2 17
68 20
26 54
50 58
58 27
30 45
19 72
42 60
3 57
54 66
18 69
41 25
32 44
32 47
12 42
69 27
55 64
48 57
41 27
27 30
64 71
53 53
34 64
63 75
66 8
55 11
67 45
5 75
73 11
15 28
48 42
76 38
15 10
20 38
58 13
41 71
13 3
42 10
100
53 D
57 L
60 L
62 D
66 D
67 L
83 D
85 D
87 D
89 D
90 D
91 L
92 D
93 D
94 L
95 D
96 L
97 D
98 L
99 D
100 L
110 D
114 D
116 L
120 L
155 L
156 D
159 D
161 L
186 L
202 L
203 L
282 L
283 L
306 L
385 L
408 L
414 L
416 L
421 D
486 D
516 D
540 D
542 D
544 D
545 L
546 L
548 L
552 L
556 L
562 L
563 L
568 D
570 D
572 D
573 L
574 L
576 L
580 L
587 D
589 L
593 L
594 D
595 L
630 D
635 D
637 D
644 L
646 L
649 D
651 D
653 D
658 D
675 D
676 D
678 L
700 D
702 L
759 D
760 D
766 L
768 L
769 D
771 D
772 D
775 D
776 L
801 L
855 L
856 D
869 L
870 L
897 L
898 L
918 L
924 L
925 D
941 L
942 D
945 L