100
100
83 88
46 100
21 1
46 1
34 34
55 75
40 64
49 72
38 25
28 71
52 74
28 50
4 81
49 90
5 40
13 2
80 9
51 77
9 76
7 66
3 46
71 75
92 55
41 99
50 12
98 69
41 59
21 30
87 62
19 42
62 26
83 8
17 32
76 22
22 3
36 50
35 91
11 30
2 93
17 97
73 91
19 36
49 10
40 57
53 16
95 1
24 23
45 61
36 35
85 36
49 8
71 48
40 44
63 6
94 19
48 38
58 74
68 56
45 21
42 70
81 59
15 16
77 96
45 24
81 26
61 93
53 95
23 19
64 23
86 19
16 33
81 87
87 24
18 65
27 53
24 62
9 24
82 94
22 88
10 78
88 58
20 11
26 59
96 70
10 50
17 53
52 77
98 43
9 53
64 97
15 51
43 61
42 40
90 6
80 31
25 96
46 56
13 73
15 66
51 76
100
98 D
99 D
162 L
163 L
201 D
202 D
203 L
204 L
215 L
216 L
236 L
242 L
243 L
246 D
247 D
259 D
262 D
263 D
264 L
265 D
266 D
272 D
274 L
275 D
279 L
344 D
347 D
348 D
350 L
351 L
354 L
363 L
364 D
365 L
379 D
380 D
448 L
450 D
451 D
458 D
459 D
463 L
464 D
467 L
484 L
485 L
486 D
584 D
598 D
599 L
608 D
611 D
613 L
614 L
653 D
656 D
659 L
660 L
680 L
689 D
693 D
714 D
717 D
722 D
724 D
730 D
734 D
737 D
743 D
745 D
747 L
762 L
763 D
775 D
776 D
791 L
794 L
795 D
865 D
866 D
875 D
878 D
891 L
892 D
893 L
894 L
901 L
902 L
921 L
934 L
935 L
938 D
939 D
940 L
941 D
942 L
943 D
944 L
945 D
947 L