100
100
42 68
35 1
70 25
79 59
63 65
6 46
82 28
62 92
96 43
28 37
92 5
3 54
93 83
22 17
19 96
48 27
72 39
70 13
68 100
36 95
4 12
23 34
74 65
42 12
54 69
48 45
63 58
38 60
24 42
30 79
17 36
91 43
89 7
41 43
65 49
47 6
91 30
71 51
7 2
94 49
30 24
85 55
57 41
67 77
32 9
45 40
27 24
38 39
19 83
30 42
34 16
40 59
5 31
78 7
74 87
22 46
25 73
71 30
78 74
98 13
87 91
62 37
56 68
56 75
32 53
51 51
42 25
67 31
8 92
8 38
58 88
54 84
46 10
10 59
22 89
23 47
7 31
14 69
1 92
63 56
11 60
25 38
49 84
96 42
3 51
92 37
75 21
97 22
49 100
69 85
82 35
54 100
19 39
1 89
28 68
29 94
49 84
8 22
11 18
14 15
100
99 D
198 D
297 D
396 D
495 D
594 D
693 D
792 D
891 D
990 D
1089 D
1188 D
1287 D
1386 D
1485 D
1584 D
1683 D
1782 D
1881 D
1980 D
2079 D
2178 D
2277 D
2376 D
2475 D
2574 D
2673 D
2772 D
2871 D
2970 D
3069 D
3168 D
3267 D
3366 D
3465 D
3564 D
3663 D
3762 D
3861 D
3960 D
4059 D
4158 D
4257 D
4356 D
4455 D
4554 D
4653 D
4752 D
4851 D
4950 D
5049 D
5148 D
5247 D
5346 D
5445 D
5544 D
5545 D
5644 L
5645 L
5744 D
5745 D
5844 L
5845 L
5944 D
5945 D
6044 L
6045 L
6144 D
6145 D
6244 L
6245 L
6344 D
6345 D
6444 L
6445 L
6544 D
6545 D
6644 L
6645 L
6744 D
6745 D
6844 L
6845 L
6944 D
6945 D
7044 L
7045 L
7094 D
7095 L
7099 L
7101 D
7106 L
7114 D
7115 D
7117 D
7124 L
7130 L
7138 L
7142 L
7150 D